Sample Names	MutationTypes	SBS1	SBS5	SBS11
Sars_all	A[C>A]A	0.010685355188829468	0.9876338209464791	0.0016808238646914128
Sars_all	A[C>A]C	0.033914176335700034	0.958247925555768	0.007837898108531995
Sars_all	A[C>A]G	0.013729635494075845	0.9793026640295689	0.006967700476355417
Sars_all	A[C>A]T	0.02744267509690316	0.9671133988219931	0.005443926081103775
Sars_all	A[C>G]A	0.026216411732986458	0.9714962871871936	0.0022873010798200033
Sars_all	A[C>G]C	0.030201413127681796	0.9629456056771771	0.006852981195141077
Sars_all	A[C>G]G	0.009655973732686667	0.9855669892812376	0.004777036986075815
Sars_all	A[C>G]T	0.016152720260007938	0.9766111105724063	0.007236169167585708
Sars_all	A[C>T]A	0.09187760126912695	0.8176109629406949	0.09051143579017808
Sars_all	A[C>T]C	0.02351197597513661	0.45444836839144376	0.5220396556334197
Sars_all	A[C>T]G	0.8807701417774819	0.10176950466732192	0.01746035355519614
Sars_all	A[C>T]T	0.036320248557870236	0.5692007323887237	0.39447901905340604
Sars_all	A[T>A]A	0.015515436547056477	0.976764441225726	0.007720122227217442
Sars_all	A[T>A]C	0.04465043876347192	0.9469206095202206	0.00842895171630769
Sars_all	A[T>A]G	0.017976727095706573	0.9814316943342872	0.0005915785700060977
Sars_all	A[T>A]T	0.004306182498590823	0.9956174454655853	7.637203582387064e-05
Sars_all	A[T>C]A	0.003433483206959247	0.9931386227465049	0.0034278940465358623
Sars_all	A[T>C]C	0.0318720737990275	0.9587403454482515	0.009387580752721074
Sars_all	A[T>C]G	0.0004059738813546641	0.9984241057139582	0.0011699204046870366
Sars_all	A[T>C]T	0.021398152208535016	0.9743671204772473	0.004234727314217777
Sars_all	A[T>G]A	0.0064366488906228885	0.9857757808995576	0.007787570209819314
Sars_all	A[T>G]C	0.011503313930390136	0.9860193574729254	0.0024773285966845646
Sars_all	A[T>G]G	0.004906269949240275	0.9919656073087773	0.003128122741982487
Sars_all	A[T>G]T	0.003358771193099787	0.9884825212610747	0.008158707545825525
Sars_all	C[C>A]A	0.006045733628286477	0.9825229301559077	0.011431336215805747
Sars_all	C[C>A]C	0.04010525719086548	0.9388065531659214	0.02108818964321299
Sars_all	C[C>A]G	0.003930145641575441	0.9956995194355379	0.0003703349228866425
Sars_all	C[C>A]T	5.0187886247320215e-15	0.9967774518899847	0.003222548110010146
Sars_all	C[C>G]A	0.0005044952123461943	0.9942800207247354	0.005215484062918437
Sars_all	C[C>G]C	0.001235872042899534	0.9960451877118961	0.0027189402452044383
Sars_all	C[C>G]G	0.020282045582960505	0.9791019253248174	0.0006160290922220954
Sars_all	C[C>G]T	3.428396555288251e-15	0.9998585257729967	0.00014147422699975425
Sars_all	C[C>T]A	0.014463722426744485	0.9574393649441885	0.028096912629067133
Sars_all	C[C>T]C	0.0010790949534058435	0.5182137889692624	0.4807071160773317
Sars_all	C[C>T]G	0.6196573520339775	0.3775661492845575	0.002776498681465085
Sars_all	C[C>T]T	0.0008909850893780017	0.7166148626724029	0.28249415223821905
Sars_all	C[T>A]A	0.0017639765800532379	0.9910306533539576	0.007205370065989342
Sars_all	C[T>A]C	0.01091254433664315	0.983468139852786	0.005619315810570811
Sars_all	C[T>A]G	0.009309007901115201	0.9823258689903445	0.00836512310854036
Sars_all	C[T>A]T	0.008736786888301342	0.9860667539609808	0.0051964591507177825
Sars_all	C[T>C]A	2.4484890352900565e-15	0.9965621948888478	0.003437805111149718
Sars_all	C[T>C]C	0.033713823070742666	0.9571076785989378	0.009178498330319605
Sars_all	C[T>C]G	0.002527540826847714	0.9965944863295748	0.0008779728435774007
Sars_all	C[T>C]T	0.00041844436004200334	0.9987892387075239	0.0007923169324341675
Sars_all	C[T>G]A	0.002004461514488856	0.9979955384854992	1.196565432523714e-14
Sars_all	C[T>G]C	0.006693583875209109	0.9933064161247842	6.6909830860440645e-15
Sars_all	C[T>G]G	0.0030504450942452563	0.9969495549057497	5.050336618451482e-15
Sars_all	C[T>G]T	0.003412117652130729	0.9940545414355072	0.0025333409123620087
Sars_all	G[C>A]A	0.02214572953300978	0.9756466167260386	0.002207653740951701
Sars_all	G[C>A]C	0.006404484030633807	0.9862916367839797	0.00730387918538646
Sars_all	G[C>A]G	0.035427219659901255	0.9637719733085386	0.0008008070315601871
Sars_all	G[C>A]T	4.791384480860972e-15	0.9999999999999907	4.553268303038039e-15
Sars_all	G[C>G]A	0.00029976250810834665	0.9983067929268902	0.0013934445650013976
Sars_all	G[C>G]C	0.004693710381150958	0.9921917676356768	0.0031145219831722757
Sars_all	G[C>G]G	0.015849043733663488	0.9838556626253637	0.0002952936409727783
Sars_all	G[C>G]T	4.84393074467383e-15	0.9961432621930286	0.003856737806966488
Sars_all	G[C>T]A	0.028527895740220733	0.850644238769611	0.12082786549016822
Sars_all	G[C>T]C	0.0003607031212498313	0.5729479130245064	0.42669138385424377
Sars_all	G[C>T]G	0.7179594661533035	0.27644453593925816	0.005595997907438346
Sars_all	G[C>T]T	0.00019854214604946577	0.6562871459505356	0.34351431190341514
Sars_all	G[T>A]A	0.0032314640472382787	0.9967100329538775	5.850299888410413e-05
Sars_all	G[T>A]C	0.006340392376643094	0.9760653153829498	0.017594292240407046
Sars_all	G[T>A]G	0.008659667851195907	0.9873415550368219	0.003998777111982251
Sars_all	G[T>A]T	0.011523584787890149	0.9814840218406669	0.006992393371443074
Sars_all	G[T>C]A	0.010709347520140059	0.9814140968796244	0.007876555600235466
Sars_all	G[T>C]C	0.033388363590860066	0.9521853651757547	0.01442627123338526
Sars_all	G[T>C]G	0.011242396117546294	0.9836118383748982	0.00514576550755554
Sars_all	G[T>C]T	0.0007602029931083249	0.9968276570648648	0.00241213994202694
Sars_all	G[T>G]A	1.2898640749558933e-14	0.9947159717536355	0.00528402824635161
Sars_all	G[T>G]C	1.9109498338871988e-14	0.9999999999999627	1.815981861211622e-14
Sars_all	G[T>G]G	0.009497557679783228	0.9871156375962011	0.0033868047240156267
Sars_all	G[T>G]T	0.0009013035009967738	0.9900235628030589	0.009075133695944216
Sars_all	T[C>A]A	0.0012213051162364554	0.9955894718162239	0.003189223067539746
Sars_all	T[C>A]C	0.038330762784002936	0.9481034847644904	0.013565752451506763
Sars_all	T[C>A]G	1.4207496591074362e-14	0.9999999999999722	1.3501430359442902e-14
Sars_all	T[C>A]T	6.780449649953291e-05	0.9994115328603348	0.0005206626431657412
Sars_all	T[C>G]A	4.182857189539649e-15	0.9997206768820079	0.0002793231179878591
Sars_all	T[C>G]C	0.003882814088901089	0.9920272859436284	0.004089899967470402
Sars_all	T[C>G]G	0.005911922858487435	0.9940880771414945	1.805245916535761e-14
Sars_all	T[C>G]T	0.01792266760677726	0.9800484172236057	0.002028915169617227
Sars_all	T[C>T]A	0.007450686863962599	0.9298841324709497	0.06266518066508767
Sars_all	T[C>T]C	0.00012117433950069853	0.5099048371488322	0.489973988511667
Sars_all	T[C>T]G	0.5034163907917846	0.4965823248206106	1.2843876048250061e-06
Sars_all	T[C>T]T	8.680209811483069e-16	0.5578328952962356	0.4421671047037635
Sars_all	T[T>A]A	0.13451024441102383	0.8619357906278676	0.0035539649611085267
Sars_all	T[T>A]C	7.839548372635891e-15	0.9932212181285388	0.006778781871453406
Sars_all	T[T>A]G	0.0008508473567045424	0.993318679639593	0.005830473003702424
Sars_all	T[T>A]T	0.03593893198563347	0.953784297609111	0.010276770405255514
Sars_all	T[T>C]A	0.0020697942485827354	0.9970546585834184	0.0008755471679988946
Sars_all	T[T>C]C	0.04835952052811875	0.9452811214260067	0.006359358045874535
Sars_all	T[T>C]G	0.004768846166070143	0.99353499784777	0.0016961559861597213
Sars_all	T[T>C]T	0.03313408750070578	0.9660916163624601	0.0007742961368342728
Sars_all	T[T>G]A	6.245765146222821e-15	0.9977247744523169	0.002275225547676976
Sars_all	T[T>G]C	0.0012275298738880218	0.9973412394228648	0.0014312307032472472
Sars_all	T[T>G]G	0.012135668987061513	0.9858574082914291	0.002006922721509324
Sars_all	T[T>G]T	2.4191453003285814e-15	0.9994252695822848	0.0005747304177127041
